   1.5882150e-01
   1.2906850e-01
   9.3589024e-02
   5.7945487e-02
   2.6732737e-02
   2.5752412e-03
  -1.4212367e-02
  -2.5247039e-02
  -3.3187411e-02
  -4.0655685e-02
  -4.9309230e-02
  -5.9359863e-02
  -6.9667727e-02
  -7.8241559e-02
  -8.2809295e-02
  -8.1267374e-02
  -7.2090031e-02
  -5.4856990e-02
  -3.0848215e-02
  -3.3676174e-03
   2.2587184e-02
   4.1378156e-02
   4.8150925e-02
   4.0105541e-02
   1.7235899e-02
  -1.7584288e-02
  -5.9095853e-02
  -1.0055423e-01
  -1.3485401e-01
  -1.5573690e-01
  -1.5892627e-01
  -1.4297000e-01
  -1.0960038e-01
  -6.3545193e-02
  -1.1826416e-02
   3.7351686e-02
   7.5932622e-02
   9.7320174e-02
   9.7519694e-02
   7.6031001e-02
   3.6336401e-02
  -1.4316399e-02
  -6.6108467e-02
  -1.0877723e-01
  -1.3415872e-01
  -1.3828651e-01
  -1.2224610e-01
  -9.1474284e-02
  -5.3868171e-02
  -1.7524366e-02
   1.1099002e-02
   2.8192633e-02
   3.2773845e-02
   2.6239436e-02
   1.1566436e-02
  -7.5752457e-03
  -2.7592194e-02
  -4.5495184e-02
  -5.9157578e-02
  -6.7372368e-02
  -6.9808493e-02
  -6.6912566e-02
  -5.9735238e-02
  -4.9657815e-02
  -3.8063778e-02
  -2.6090891e-02
  -1.4599861e-02
  -4.3391103e-03
   3.8953408e-03
   9.2959278e-03
   1.1264083e-02
   9.6351208e-03
   4.7457760e-03
  -2.6942720e-03
  -1.1866650e-02
  -2.2110910e-02
  -3.3018226e-02
  -4.4255162e-02
  -5.5199441e-02
  -6.4593874e-02
  -7.0427394e-02
  -7.0176877e-02
  -6.1409039e-02
  -4.2575122e-02
  -1.3717244e-02
   2.3183321e-02
   6.4347585e-02
   1.0477106e-01
   1.3903508e-01
   1.6216245e-01
   1.7043115e-01
   1.6215537e-01
   1.3836916e-01
   1.0312401e-01
   6.3016065e-02
   2.5827455e-02
  -1.3505142e-03
  -1.3844863e-02
  -1.0407497e-02
   6.7171328e-03
   3.2543544e-02
   6.0632558e-02
   8.4612071e-02
   9.9641001e-02
   1.0352518e-01
   9.7225860e-02
   8.4590243e-02
   7.1267002e-02
   6.2988630e-02
   6.3712689e-02
   7.4314695e-02
   9.2372419e-02
   1.1312150e-01
   1.3119659e-01
   1.4250607e-01
   1.4554212e-01
   1.4161393e-01
   1.3390912e-01
   1.2579793e-01
   1.1916518e-01
   1.1355830e-01
   1.0650673e-01
   9.4754296e-02
   7.5765559e-02
   4.8888187e-02
   1.5830051e-02
  -1.9592345e-02
  -5.2301176e-02
  -7.7191961e-02
  -9.0466149e-02
  -9.0688599e-02
  -7.9230620e-02
  -5.9936593e-02
  -3.8079270e-02
  -1.8892333e-02
  -6.1513051e-03
  -1.2974915e-03
  -3.3928016e-03
  -9.8508122e-03
  -1.7587467e-02
  -2.4132695e-02
  -2.8385313e-02
  -3.0913342e-02
  -3.3805216e-02
  -4.0087552e-02
  -5.2770390e-02
  -7.3683782e-02
  -1.0240329e-01
  -1.3569297e-01
  -1.6788469e-01
  -1.9230691e-01
  -2.0335133e-01
  -1.9835381e-01
  -1.7846694e-01
  -1.4815166e-01
  -1.1356883e-01
  -8.0642952e-02
  -5.3623777e-02
  -3.4589265e-02
  -2.3777370e-02
  -2.0259127e-02
  -2.2490192e-02
  -2.8613459e-02
  -3.6680121e-02
  -4.4952245e-02
  -5.2247925e-02
  -5.8160197e-02
  -6.3017222e-02
  -6.7555147e-02
  -7.2380224e-02
  -7.7419013e-02
  -8.1640605e-02
  -8.3256879e-02
  -8.0372325e-02
  -7.1836334e-02
  -5.7962590e-02
  -4.0800791e-02
  -2.3770432e-02
  -1.0706657e-02
  -4.6126518e-03
  -6.5220217e-03
  -1.4864926e-02
  -2.5660775e-02
  -3.3644747e-02
  -3.4023939e-02
  -2.4179530e-02
  -4.6119574e-03
   2.1193937e-02
   4.7821841e-02
   6.9454445e-02
   8.1418760e-02
   8.1359073e-02
   6.9753494e-02
   4.9704792e-02
   2.6203097e-02
   5.1258278e-03
  -7.9145647e-03
  -8.8148367e-03
   3.9543440e-03
   2.8888436e-02
   6.1799780e-02
   9.6777653e-02
   1.2736943e-01
   1.4771908e-01
   1.5358655e-01
   1.4319643e-01
   1.1775461e-01
   8.1423108e-02
   4.0655329e-02
   2.9711942e-03
  -2.4608727e-02
  -3.7161253e-02
  -3.3138636e-02
  -1.4989891e-02
   1.1136985e-02
   3.6723975e-02
   5.3087558e-02
   5.3934621e-02
   3.7451286e-02
   7.1339183e-03
  -2.9023688e-02
  -6.0789879e-02
  -7.8683281e-02
  -7.6697005e-02
  -5.3884981e-02
  -1.4424688e-02
   3.3649008e-02
   8.0487715e-02
   1.1665657e-01
   1.3507951e-01
   1.3238314e-01
   1.0946055e-01
   7.1235210e-02
   2.5718367e-02
  -1.7511050e-02
  -4.9235175e-02
  -6.2649764e-02
  -5.5083206e-02
  -2.8814702e-02
   9.4183767e-03
   5.0164912e-02
   8.3710377e-02
   1.0248630e-01
   1.0277590e-01
   8.5302425e-02
   5.4639125e-02
   1.7732578e-02
  -1.7932833e-02
  -4.5954559e-02
  -6.2038754e-02
  -6.4420776e-02
  -5.3895193e-02
  -3.3589384e-02
  -8.4298310e-03
   1.5754308e-02
   3.3376411e-02
   4.0218888e-02
   3.4250761e-02
   1.5955225e-02
  -1.1852739e-02
  -4.4636308e-02
  -7.7056063e-02
  -1.0403090e-01
  -1.2172147e-01
  -1.2824081e-01
  -1.2397484e-01
  -1.1144026e-01
  -9.4628319e-02
  -7.7915468e-02
  -6.4887431e-02
  -5.7561981e-02
  -5.6266866e-02
  -6.0002536e-02
  -6.6899777e-02
  -7.4528348e-02
  -8.0116478e-02
  -8.0898028e-02
  -7.4704086e-02
  -6.0689950e-02
  -3.9911227e-02
  -1.5418850e-02
   8.3120702e-03
   2.6483256e-02
   3.5174801e-02
   3.2201680e-02
   1.7444411e-02
  -7.2265286e-03
  -3.8229560e-02
  -7.0715288e-02
  -9.9306224e-02
  -1.1917760e-01
  -1.2721103e-01
  -1.2272656e-01
  -1.0741988e-01
  -8.4547126e-02
  -5.7796580e-02
  -3.0375976e-02
  -4.5992264e-03
   1.8102061e-02
   3.7011864e-02
   5.2003809e-02
   6.3459710e-02
   7.2136652e-02
   7.8933691e-02
   8.4626753e-02
   8.9725632e-02
   9.4548669e-02
   9.9399259e-02
   1.0458536e-01
   1.1018420e-01
   1.1577865e-01
   1.2047742e-01
   1.2327962e-01
   1.2357440e-01
   1.2152452e-01
   1.1819126e-01
   1.1536299e-01
   1.1510198e-01
   1.1907355e-01
   1.2783092e-01
   1.4033198e-01
   1.5391372e-01
   1.6477727e-01
   1.6890146e-01
   1.6321530e-01
   1.4671938e-01
   1.2109843e-01
   9.0428092e-02
   5.9969162e-02
   3.4560756e-02
   1.7365125e-02
   9.4660203e-03
   1.0276169e-02
   1.8278158e-02
   3.1581194e-02
   4.8094889e-02
   6.5513898e-02
   8.1430483e-02
   9.3666675e-02
   1.0063336e-01
   1.0147872e-01
   9.5958858e-02
   8.4166224e-02
   6.6372305e-02
   4.3178759e-02
   1.5898619e-02
  -1.3161972e-02
  -4.0814176e-02
  -6.3527372e-02
  -7.8225226e-02
  -8.3078933e-02
  -7.8044002e-02
  -6.4955984e-02
  -4.7115553e-02
  -2.8448420e-02
  -1.2522472e-02
  -1.8221066e-03
   2.4600123e-03
   1.9045433e-04
  -8.0706704e-03
  -2.1318669e-02
  -3.8202767e-02
  -5.7075744e-02
  -7.6080650e-02
  -9.3307320e-02
  -1.0703338e-01
  -1.1601674e-01
  -1.1970459e-01
  -1.1820335e-01
  -1.1202933e-01
  -1.0189129e-01
  -8.8764421e-02
  -7.4236000e-02
  -6.0806469e-02
  -5.1782730e-02
  -5.0604925e-02
  -5.9767440e-02
  -7.9796736e-02
  -1.0883135e-01
  -1.4304247e-01
  -1.7760689e-01
  -2.0765640e-01
  -2.2882656e-01
  -2.3747390e-01
  -2.3090841e-01
  -2.0791112e-01
  -1.6948033e-01
  -1.1941765e-01
  -6.4263658e-02
  -1.2314623e-02
   2.8122628e-02
   5.0710180e-02
   5.2655137e-02
   3.5413688e-02
   4.3674709e-03
  -3.2393348e-02
  -6.5884843e-02
  -8.8285056e-02
  -9.4804403e-02
  -8.4877916e-02
  -6.2265482e-02
  -3.3934919e-02
  -7.9988745e-03
   8.6839846e-03
   1.2483899e-02
   3.9155795e-03
  -1.2747751e-02
  -3.0907283e-02
  -4.3552234e-02
  -4.5114022e-02
  -3.2922991e-02
  -8.0416887e-03
   2.4759155e-02
   5.8030085e-02
   8.3516562e-02
   9.4346021e-02
   8.6848076e-02
   6.1499944e-02
   2.2856834e-02
  -2.1335708e-02
  -6.1542846e-02
  -8.8177751e-02
  -9.3595289e-02
  -7.4085187e-02
  -3.1290471e-02
   2.7610014e-02
   9.1289226e-02
   1.4695489e-01
   1.8348484e-01
   1.9399218e-01
   1.7711151e-01
   1.3684369e-01
   8.1248256e-02
   2.0508038e-02
  -3.5083336e-02
  -7.6815572e-02
  -9.8760935e-02
  -9.8437733e-02
  -7.6937733e-02
  -3.8556991e-02
   9.9743261e-03
   6.0563618e-02
   1.0507208e-01
   1.3679437e-01
   1.5185419e-01
   1.5007763e-01
   1.3493699e-01
   1.1248262e-01
   8.9583036e-02
   7.2041567e-02
   6.3185087e-02
   6.3345532e-02
   7.0326234e-02
   8.0572295e-02
   9.0513841e-02
   9.7570539e-02
   1.0057784e-01
   9.9696570e-02
   9.6003281e-02
   9.0960530e-02
   8.5936410e-02
   8.1877930e-02
   7.9147852e-02
   7.7499524e-02
   7.6197703e-02
   7.4266744e-02
   7.0739719e-02
   6.4767971e-02
   5.5607169e-02
   4.2643773e-02
   2.5590371e-02
   4.8109080e-03
  -1.8398114e-02
  -4.1762616e-02
  -6.2339965e-02
  -7.7175251e-02
  -8.4138470e-02
  -8.2638310e-02
  -7.3914073e-02
  -6.0793273e-02
  -4.7018596e-02
  -3.6346069e-02
  -3.1636432e-02
  -3.4191826e-02
  -4.3563976e-02
  -5.7866736e-02
  -7.4356873e-02
  -8.9975256e-02
  -1.0176863e-01
  -1.0735507e-01
  -1.0551366e-01
  -9.6655515e-02
  -8.2788080e-02
  -6.6837247e-02
  -5.1624137e-02
  -3.9028861e-02
  -2.9736199e-02
  -2.3561278e-02
  -1.9990783e-02
  -1.8534704e-02
  -1.8785716e-02
  -2.0396817e-02
  -2.3182092e-02
  -2.7286156e-02
  -3.3190956e-02
  -4.1413496e-02
  -5.1994503e-02
  -6.4084369e-02
  -7.5930153e-02
  -8.5323340e-02
  -9.0277043e-02
  -8.9607390e-02
  -8.3202897e-02
  -7.1914176e-02
  -5.7115639e-02
  -4.0107039e-02
  -2.1610337e-02
  -1.6078738e-03
   2.0361076e-02
   4.4535666e-02
   7.0197015e-02
   9.5254490e-02
   1.1644915e-01
   1.3017763e-01
   1.3361065e-01
   1.2562936e-01
   1.0722697e-01
   8.1314486e-02
   5.2096717e-02
   2.4215719e-02
   1.7984489e-03
  -1.2417928e-02
  -1.7625092e-02
  -1.4960694e-02
  -7.0416196e-03
   2.7809576e-03
   1.1227711e-02
   1.5806522e-02
   1.5344454e-02
   1.0278571e-02
   2.6555382e-03
  -4.2076328e-03
  -6.4069639e-03
  -3.9952309e-04
   1.5955773e-02
   4.2522200e-02
   7.6475949e-02
   1.1258421e-01
   1.4417348e-01
   1.6455372e-01
   1.6852699e-01
   1.5360580e-01
   1.2065952e-01
   7.3844219e-02
   1.9829334e-02
  -3.3503440e-02
  -7.8611444e-02
  -1.0980495e-01
  -1.2444327e-01
  -1.2349512e-01
  -1.1115867e-01
  -9.3474827e-02
  -7.6333024e-02
  -6.3664772e-02
  -5.6565739e-02
  -5.3548434e-02
  -5.1534956e-02
  -4.7012524e-02
  -3.7003944e-02
  -1.9794602e-02
   4.5660472e-03
   3.4068801e-02
   6.4998043e-02
   9.2664925e-02
   1.1242613e-01
   1.2066679e-01
   1.1551901e-01
   9.7264997e-02
   6.8424161e-02
   3.3447594e-02
  -2.0593951e-03
  -3.2491665e-02
  -5.3448001e-02
  -6.2572590e-02
  -5.9778946e-02
  -4.6909997e-02
  -2.7134587e-02
  -4.3704588e-03
   1.7218940e-02
   3.3808764e-02
   4.2649492e-02
   4.2738420e-02
   3.5046640e-02
   2.2091853e-02
   7.0153889e-03
  -7.3989260e-03
  -1.9325369e-02
  -2.7952010e-02
  -3.3172149e-02
  -3.5246753e-02
  -3.4666906e-02
  -3.2214196e-02
  -2.9029230e-02
  -2.6476851e-02
  -2.5765594e-02
  -2.7497845e-02
  -3.1406673e-02
  -3.6430053e-02
  -4.1081927e-02
  -4.3924042e-02
  -4.3900462e-02
  -4.0397346e-02
  -3.3099226e-02
  -2.1891083e-02
  -7.0358777e-03
   1.0373338e-02
   2.7959521e-02
   4.2001936e-02
   4.8044844e-02
   4.2120172e-02
   2.2185766e-02
  -1.0767522e-02
  -5.2396996e-02
  -9.5693785e-02
  -1.3256835e-01
  -1.5589126e-01
  -1.6131801e-01
  -1.4828727e-01
  -1.1994871e-01
  -8.2198499e-02
  -4.2197085e-02
  -6.7398547e-03
   1.9156087e-02
   3.3076100e-02
   3.5219344e-02
   2.7720628e-02
   1.3706269e-02
  -3.4997215e-03
  -2.0863328e-02
  -3.5889594e-02
  -4.6733399e-02
  -5.2218752e-02
  -5.1794126e-02
  -4.5451181e-02
  -3.3620701e-02
  -1.7062054e-02
   3.2147579e-03
   2.5952774e-02
   4.9564109e-02
   7.1990184e-02
   9.0606051e-02
   1.0234498e-01
   1.0422637e-01
   9.4327811e-02
   7.2965329e-02
   4.3570434e-02
   1.2678295e-02
  -1.1296711e-02
  -2.0297008e-02
  -9.1578115e-03
   2.2474308e-02
   6.9560899e-02
   1.2267922e-01
   1.7033684e-01
   2.0189672e-01
   2.1025351e-01
   1.9353570e-01
   1.5542839e-01
   1.0407928e-01
   4.9940460e-02
   3.2456590e-03
  -2.8087683e-02
  -3.9637744e-02
  -3.0734234e-02
  -4.1182581e-03
   3.4677496e-02
   7.8140030e-02
   1.1784345e-01
   1.4576612e-01
   1.5568294e-01
   1.4437437e-01
   1.1239844e-01
   6.4191850e-02
   7.3470114e-03
  -4.8877504e-02
  -9.5498101e-02
  -1.2574113e-01
  -1.3651956e-01
  -1.2907830e-01
  -1.0858457e-01
  -8.2716998e-02
  -5.9640530e-02
  -4.5957492e-02
  -4.5197818e-02
  -5.7204945e-02
  -7.8499310e-02
  -1.0344491e-01
  -1.2583907e-01
  -1.4044018e-01
  -1.4403240e-01
  -1.3588341e-01
  -1.1768573e-01
  -9.3102201e-02
  -6.6933879e-02
  -4.3960655e-02
  -2.7750277e-02
  -1.9896856e-02
  -1.9962462e-02
  -2.6009263e-02
  -3.5376046e-02
  -4.5391254e-02
  -5.3892408e-02
  -5.9566492e-02
  -6.2140444e-02
  -6.2359606e-02
  -6.1643397e-02
  -6.1434928e-02
  -6.2490240e-02
  -6.4458338e-02
  -6.5976019e-02
  -6.5232612e-02
  -6.0715846e-02
  -5.1787746e-02
  -3.8900898e-02
  -2.3487512e-02
  -7.6453026e-03
   6.2790579e-03
   1.6131419e-02
   2.0351284e-02
   1.8291402e-02
   1.0408474e-02
  -1.7556740e-03
  -1.5854900e-02
  -2.9224855e-02
  -3.9419971e-02
  -4.4630455e-02
  -4.3880308e-02
  -3.7045750e-02
  -2.4840029e-02
  -8.8553674e-03
   8.4411602e-03
   2.3989624e-02
   3.4812659e-02
   3.8890654e-02
   3.5816844e-02
   2.6898223e-02
   1.4690776e-02
   2.2392348e-03
  -7.6413004e-03
  -1.2824410e-02
  -1.2050276e-02
  -4.9472374e-03
   7.9796076e-03
   2.5389276e-02
   4.5256482e-02
   6.5171499e-02
   8.2724322e-02
   9.5856081e-02
   1.0308582e-01
   1.0361030e-01
   9.7365961e-02
   8.5123856e-02
   6.8559861e-02
   5.0154011e-02
   3.2815984e-02
   1.9263211e-02
   1.1339100e-02
   9.5762582e-03
   1.3247693e-02
   2.0874229e-02
   3.0862528e-02
   4.1895050e-02
   5.2934716e-02
   6.3023734e-02
   7.1168032e-02
   7.6436392e-02
   7.8163531e-02
   7.6075423e-02
   7.0294754e-02
   6.1348103e-02
   5.0285766e-02
   3.8855750e-02
   2.9535273e-02
   2.5234805e-02
   2.8618422e-02
   4.1170529e-02
   6.2326510e-02
   8.9075697e-02
   1.1635042e-01
   1.3823120e-01
   1.4962574e-01
   1.4780619e-01
   1.3320391e-01
   1.0917454e-01
   8.0849737e-02
   5.3477150e-02
   3.0803895e-02
   1.4098209e-02
   2.2272721e-03
  -7.2522890e-03
  -1.6564752e-02
  -2.6524160e-02
  -3.6172236e-02
  -4.3220936e-02
  -4.4935462e-02
  -3.9078775e-02
  -2.4687595e-02
  -2.5443292e-03
   2.4773311e-02
   5.3309571e-02
   7.8497684e-02
   9.6043930e-02
   1.0271868e-01
   9.6944209e-02
   7.9134784e-02
   5.1734361e-02
   1.8865919e-02
  -1.4449350e-02
  -4.3384964e-02
  -6.4408653e-02
  -7.6023307e-02
  -7.8912685e-02
  -7.5494358e-02
  -6.9110163e-02
  -6.3176500e-02
  -6.0518924e-02
  -6.2944738e-02
  -7.1011809e-02
  -8.3924897e-02
  -9.9514177e-02
  -1.1438424e-01
  -1.2445442e-01
  -1.2598352e-01
  -1.1680518e-01
  -9.7250124e-02
  -7.0331490e-02
  -4.1102616e-02
  -1.5408755e-02
   1.5799097e-03
   6.6389719e-03
  -7.8293882e-04
  -1.8586947e-02
  -4.2792005e-02
  -6.8792107e-02
  -9.2670920e-02
  -1.1215092e-01
  -1.2690867e-01
  -1.3818116e-01
  -1.4779928e-01
  -1.5700998e-01
  -1.6557889e-01
  -1.7158005e-01
  -1.7200344e-01
  -1.6397198e-01
  -1.4607334e-01
  -1.1919297e-01
  -8.6413559e-02
  -5.1994324e-02
  -1.9903492e-02
   7.4060415e-03
   2.9400111e-02
   4.6885217e-02
   6.0836720e-02
   7.1357381e-02
   7.7368190e-02
   7.7140836e-02
   6.9270330e-02
   5.3511994e-02
   3.1144792e-02
   4.8978405e-03
  -2.1359970e-02
  -4.3087763e-02
  -5.5784541e-02
  -5.5984215e-02
  -4.2310239e-02
  -1.6140088e-02
   1.8510114e-02
   5.5910899e-02
   8.9971124e-02
   1.1547622e-01
   1.2886858e-01
   1.2855404e-01
   1.1489490e-01
   9.0017653e-02
   5.7479817e-02
   2.1830019e-02
  -1.1886450e-02
  -3.8660378e-02
  -5.4128647e-02
  -5.5279665e-02
  -4.1167388e-02
  -1.3448474e-02
   2.3473630e-02
   6.2884819e-02
   9.6857182e-02
   1.1786867e-01
   1.2056140e-01
   1.0315077e-01
   6.8092624e-02
   2.1803654e-02
  -2.6574225e-02
  -6.7152412e-02
  -9.1553700e-02
  -9.4827846e-02
  -7.6480714e-02
  -4.0377108e-02
   6.3732884e-03
   5.5192061e-02
   9.7982068e-02
   1.2873864e-01
   1.4444877e-01
   1.4519390e-01
   1.3365042e-01
   1.1426758e-01
   9.2295342e-02
   7.2723468e-02
   5.9214836e-02
   5.3224853e-02
   5.3574888e-02
   5.6713646e-02
   5.7736815e-02
   5.1973490e-02
   3.6668503e-02
   1.2142172e-02
  -1.8057843e-02
  -4.8099468e-02
  -7.1532715e-02
  -8.3039080e-02
  -7.9683796e-02
  -6.1414774e-02
  -3.0895302e-02
   7.0893853e-03
   4.6461824e-02
   8.0838453e-02
   1.0461600e-01
   1.1403245e-01
   1.0799924e-01
   8.8438745e-02
   5.9853190e-02
   2.8058173e-02
  -1.5528204e-03
  -2.5534709e-02
  -4.3149859e-02
  -5.6205533e-02
  -6.8122943e-02
  -8.2497390e-02
  -1.0149955e-01
  -1.2461973e-01
  -1.4828406e-01
  -1.6660539e-01
  -1.7307912e-01
  -1.6267427e-01
  -1.3367376e-01
  -8.8745356e-02
  -3.4927365e-02
   1.7593791e-02
   5.7775523e-02
   7.6543206e-02
   6.9269727e-02
   3.7067685e-02
  -1.3511866e-02
  -7.2213746e-02
  -1.2765141e-01
  -1.6994556e-01
  -1.9274385e-01
  -1.9418160e-01
  -1.7663444e-01
  -1.4544520e-01
  -1.0714797e-01
  -6.7866783e-02
  -3.2362003e-02
  -3.7598779e-03
   1.6323234e-02
   2.7560578e-02
   3.0724366e-02
   2.7517799e-02
   2.0381076e-02
   1.2207018e-02
   5.9016082e-03
   3.7862709e-03
   6.9729389e-03
   1.4977023e-02
   2.5833045e-02
   3.6760810e-02
   4.5108714e-02
   4.9143857e-02
   4.8417502e-02
   4.3745564e-02
   3.6997747e-02
   3.0791737e-02
   2.8052179e-02
   3.1415884e-02
   4.2583009e-02
   6.1785949e-02
   8.7540723e-02
   1.1676893e-01
   1.4526873e-01
   1.6845817e-01
   1.8229872e-01
   1.8421775e-01
   1.7373484e-01
   1.5254824e-01
   1.2405971e-01
   9.2515961e-02
   6.2023221e-02
   3.5699009e-02
   1.5172953e-02
   5.1833165e-04
  -9.4349822e-03
  -1.6501054e-02
  -2.2350990e-02
  -2.7708231e-02
  -3.1834052e-02
  -3.2653583e-02
  -2.7645189e-02
  -1.5187214e-02
   4.2667919e-03
   2.7788984e-02
   5.0605518e-02
   6.7515978e-02
   7.4509354e-02
   6.9962851e-02
   5.5088127e-02
   3.3608065e-02
   1.0836768e-02
  -7.5821101e-03
  -1.6996527e-02
  -1.4857374e-02
  -1.3951781e-03
   2.0273773e-02
   4.4619779e-02
   6.4662799e-02
   7.3313048e-02
   6.4936551e-02
   3.6873180e-02
  -9.4900361e-03
  -6.8502963e-02
  -1.3114880e-01
  -1.8696112e-01
  -2.2644831e-01
  -2.4327827e-01
  -2.3559801e-01
  -2.0620805e-01
  -1.6163572e-01
  -1.1038899e-01
  -6.0895870e-02
  -1.9774586e-02
   9.0536369e-03
   2.4318698e-02
   2.6762523e-02
   1.8382989e-02
   1.8592183e-03
  -1.9803928e-02
  -4.3503362e-02
  -6.6200690e-02
  -8.5039601e-02
  -9.7494632e-02
  -1.0169030e-01
  -9.6899281e-02
  -8.3958492e-02
  -6.5241408e-02
  -4.4049985e-02
  -2.3649008e-02
  -6.3912794e-03
   6.6465319e-03
   1.5373145e-02
   1.9986547e-02
   2.0371620e-02
   1.5987879e-02
   6.2668211e-03
  -8.7927705e-03
  -2.8187603e-02
  -4.9813380e-02
  -7.0727779e-02
  -8.7708085e-02
  -9.7945656e-02
  -9.9629111e-02
  -9.2219006e-02
  -7.6400461e-02
  -5.3821589e-02
  -2.6708578e-02
   2.5625029e-03
   3.1781011e-02
   5.8935953e-02
   8.2003465e-02
   9.8806695e-02
   1.0731068e-01
   1.0638636e-01
   9.6625544e-02
   8.0613744e-02
   6.2359207e-02
   4.6128059e-02
   3.5283241e-02
   3.1589395e-02
   3.5040582e-02
   4.4019533e-02
   5.5631925e-02
   6.6188279e-02
   7.1865561e-02
   6.9536374e-02
   5.7635177e-02
   3.6826653e-02
   1.0231354e-02
  -1.6959608e-02
  -3.8513857e-02
  -4.8667763e-02
  -4.3730364e-02
  -2.3242700e-02
   9.7925972e-03
   4.9751073e-02
   8.9933686e-02
   1.2417069e-01
   1.4798515e-01
   1.5920605e-01
   1.5813183e-01
   1.4726204e-01
   1.3052090e-01
   1.1207879e-01
   9.5212455e-02
   8.1709967e-02
   7.1975035e-02
   6.5571830e-02
   6.1843235e-02
   6.0358006e-02
   6.1062079e-02
   6.4107257e-02
   6.9466645e-02
   7.6551834e-02
   8.4026112e-02
   8.9887191e-02
   9.1799694e-02
   8.7649491e-02
   7.6258548e-02
   5.8063184e-02
   3.5460228e-02
   1.2603694e-02
  -5.3857406e-03
  -1.3662547e-02
  -9.0407549e-03
   8.9153952e-03
   3.7480081e-02
   7.1181394e-02
   1.0291923e-01
   1.2546995e-01
   1.3297685e-01
   1.2207464e-01
   9.2471916e-02
   4.7007630e-02
  -8.6994418e-03
  -6.6906849e-02
  -1.1872751e-01
  -1.5554420e-01
  -1.7083539e-01
  -1.6201139e-01
  -1.3155288e-01
  -8.6841770e-02
  -3.8591182e-02
   1.6212072e-03
   2.3930279e-02
   2.2228392e-02
  -4.6307010e-03
  -5.2556071e-02
  -1.1292129e-01
  -1.7425748e-01
  -2.2473384e-01
  -2.5487892e-01
  -2.5977703e-01
  -2.4007350e-01
  -2.0152563e-01
  -1.5334557e-01
  -1.0592390e-01
  -6.8562813e-02
  -4.7694188e-02
  -4.5882040e-02
  -6.1733279e-02
  -9.0617390e-02
  -1.2589914e-01
  -1.6034914e-01
  -1.8749152e-01
  -2.0271764e-01
  -2.0397544e-01
  -1.9184576e-01
  -1.6896925e-01
  -1.3905573e-01
  -1.0590269e-01
  -7.2796094e-02
  -4.2396583e-02
  -1.6927479e-02
   1.6465191e-03
   1.1696148e-02
   1.2310112e-02
   3.8115861e-03
  -1.1879601e-02
  -3.1266058e-02
  -4.9735455e-02
  -6.2395575e-02
  -6.5140834e-02
  -5.5742795e-02
  -3.4681575e-02
  -5.4127384e-03
   2.6151553e-02
   5.2964449e-02
   6.8699709e-02
   6.9621188e-02
   5.5865182e-02
   3.1655197e-02
   4.2653034e-03
  -1.8034943e-02
  -2.8424883e-02
  -2.3557625e-02
  -4.5006277e-03
   2.3680075e-02
   5.3523790e-02
   7.7472788e-02
   9.0185956e-02
   9.0151958e-02
   8.0070645e-02
   6.5908397e-02
   5.5020206e-02
   5.3974283e-02
   6.6649338e-02
   9.2993919e-02
   1.2870824e-01
   1.6600541e-01
   1.9540893e-01
   2.0821600e-01
   1.9894555e-01
   1.6700418e-01
   1.1703524e-01
   5.7871943e-02
   4.6671966e-04
  -4.4576577e-02
  -6.9228261e-02
  -6.9552835e-02
  -4.6327525e-02
  -4.7884906e-03
   4.6367303e-02
   9.6587231e-02
   1.3550278e-01
   1.5508412e-01
   1.5140404e-01
   1.2549603e-01
   8.3050302e-02
   3.3053703e-02
  -1.4257323e-02
  -4.9640008e-02
  -6.6776611e-02
  -6.3474327e-02
  -4.1917229e-02
  -8.0067587e-03
   2.9987744e-02
   6.3186590e-02
   8.3987308e-02
   8.7784760e-02
   7.4160583e-02
   4.7142999e-02
   1.4289054e-02
  -1.5274402e-02
  -3.3315635e-02
  -3.4769301e-02
  -1.9183764e-02
   9.0932790e-03
   4.2099858e-02
   7.0463735e-02
   8.5903326e-02
   8.3286399e-02
   6.1821184e-02
   2.5292671e-02
  -1.8626839e-02
  -5.9987651e-02
  -8.8954499e-02
  -9.8427365e-02
  -8.5965742e-02
  -5.4252538e-02
  -1.0045475e-02
   3.7746267e-02
   8.0058635e-02
   1.0925245e-01
   1.2018421e-01
   1.1087027e-01
   8.2807897e-02
   4.0878870e-02
  -7.3280773e-03
  -5.2874424e-02
  -8.7356149e-02
  -1.0485170e-01
  -1.0332654e-01
  -8.5016061e-02
  -5.5639060e-02
  -2.2694932e-02
   6.5880863e-03
   2.7016631e-02
   3.6441333e-02
   3.5801768e-02
   2.8261879e-02
   1.7781592e-02
   7.6882478e-03
  -2.3824901e-04
  -5.9699144e-03
  -1.0863774e-02
  -1.6996653e-02
  -2.6423177e-02
  -4.0497182e-02
  -5.9378521e-02
  -8.1855129e-02
  -1.0555084e-01
  -1.2744303e-01
  -1.4449345e-01
  -1.5420583e-01
  -1.5502285e-01
  -1.4655904e-01
  -1.2967554e-01
  -1.0635023e-01
  -7.9293356e-02
  -5.1384558e-02
  -2.5140833e-02
  -2.4003625e-03
   1.5739260e-02
   2.8817185e-02
   3.6872666e-02
   4.0350019e-02
   3.9987408e-02
   3.6586913e-02
   3.0737515e-02
   2.2771589e-02
   1.3126389e-02
   2.8559744e-03
  -6.2397092e-03
  -1.2165832e-02
  -1.3703245e-02
  -1.1168221e-02
  -6.4452780e-03
  -2.2534493e-03
  -1.0552491e-03
  -4.1153288e-03
  -1.1006562e-02
  -1.9637321e-02
  -2.6758322e-02
  -2.8797627e-02
  -2.2755038e-02
  -6.8969370e-03
   1.8849478e-02
   5.2769338e-02
   9.1482529e-02
   1.3035899e-01
   1.6421155e-01
   1.8811233e-01
   1.9814377e-01
   1.9199275e-01
   1.6937204e-01
   1.3223417e-01
   8.4699210e-02
   3.2629447e-02
  -1.7130556e-02
  -5.7711952e-02
  -8.3211278e-02
  -8.9637868e-02
  -7.5786822e-02
  -4.3863634e-02
   4.7304849e-04
   4.8909770e-02
   9.2068176e-02
   1.2150960e-01
   1.3160633e-01
   1.2075136e-01
   9.1556134e-02
   4.9967486e-02
   3.5557822e-03
  -4.0482499e-02
  -7.6929698e-02
  -1.0325751e-01
  -1.1938438e-01
  -1.2683550e-01
  -1.2780682e-01
  -1.2451811e-01
  -1.1896994e-01
  -1.1292320e-01
  -1.0780152e-01
  -1.0439458e-01
  -1.0253340e-01
  -1.0100700e-01
  -9.7836235e-02
  -9.0826034e-02
  -7.8229877e-02
  -5.9343433e-02
  -3.4852871e-02
  -6.8290830e-03
   2.1615101e-02
   4.6883939e-02
   6.5540942e-02
   7.4937857e-02
   7.3737994e-02
   6.2220559e-02
   4.2274367e-02
   1.7072567e-02
  -9.4744623e-03
  -3.3345417e-02
  -5.1038825e-02
  -6.0201657e-02
  -6.0161093e-02
  -5.2122049e-02
  -3.8839081e-02
  -2.3815225e-02
  -1.0318562e-02
  -5.8738402e-04
   4.5167518e-03
   5.3787294e-03
   3.1876001e-03
  -5.7738537e-04
  -4.5150864e-03
  -7.4309482e-03
  -8.3264033e-03
  -6.4401663e-03
  -1.4022259e-03
   6.6313182e-03
   1.7014631e-02
   2.8798950e-02
   4.0890552e-02
   5.2059181e-02
   6.0901088e-02
   6.5989864e-02
   6.6319909e-02
   6.1863514e-02
   5.3860224e-02
   4.4514381e-02
   3.6095838e-02
   2.9833157e-02
   2.5198464e-02
   2.0045204e-02
   1.1619378e-02
  -2.0174402e-03
  -2.0811145e-02
  -4.2256818e-02
  -6.1802881e-02
  -7.4026803e-02
  -7.4321298e-02
  -6.0638994e-02
  -3.4718078e-02
  -2.2763979e-03
   2.8082952e-02
   4.7132374e-02
   4.7875845e-02
   2.8049151e-02
  -8.7165775e-03
  -5.3578865e-02
  -9.4800009e-02
  -1.2091188e-01
  -1.2375156e-01
  -1.0053367e-01
  -5.4463898e-02
   6.1899636e-03
   7.0228192e-02
   1.2616823e-01
   1.6463820e-01
   1.7996782e-01
   1.7082423e-01
   1.4004507e-01
   9.3903272e-02
   4.0962566e-02
  -9.3940054e-03
  -4.8652454e-02
  -7.0839897e-02
  -7.3821038e-02
  -5.9821842e-02
  -3.4896711e-02
  -7.3524659e-03
   1.4465596e-02
   2.4355700e-02
   1.9765349e-02
   2.2532203e-03
  -2.3092735e-02
  -4.8990508e-02
  -6.7663816e-02
  -7.2585006e-02
  -6.0018593e-02
  -3.0117007e-02
   1.2724438e-02
   6.0524830e-02
   1.0345450e-01
   1.3230103e-01
   1.4090890e-01
   1.2777721e-01
   9.6332867e-02
   5.3865774e-02
   9.4886758e-03
  -2.8280371e-02
  -5.3618032e-02
  -6.4578620e-02
  -6.3077979e-02
  -5.3806861e-02
  -4.2487597e-02
  -3.3986657e-02
  -3.0809960e-02
  -3.2454391e-02
  -3.5851122e-02
  -3.6708349e-02
  -3.1179139e-02
  -1.7217430e-02
   4.7448410e-03
   3.1821100e-02
   5.9232579e-02
   8.1223968e-02
   9.2145374e-02
   8.7502871e-02
   6.4825310e-02
   2.4288503e-02
  -3.0917253e-02
  -9.4544828e-02
  -1.5774200e-01
  -2.1019355e-01
  -2.4200305e-01
  -2.4605263e-01
  -2.2023125e-01
  -1.6871203e-01
  -1.0155592e-01
  -3.2421809e-02
   2.5054271e-02
   6.0992591e-02
   7.1794349e-02
   6.0647683e-02
   3.6005035e-02
   8.7057949e-03
  -1.1255024e-02
  -1.7381097e-02
  -8.1464725e-03
   1.2941953e-02
   3.8589033e-02
   5.9896371e-02
   6.8943248e-02
   6.1144927e-02
   3.6774430e-02
   1.1299139e-03
  -3.6870535e-02
  -6.7327298e-02
  -8.2308842e-02
  -7.8004892e-02
  -5.5375124e-02
  -1.9305479e-02
   2.3144305e-02
   6.4665501e-02
   9.9250573e-02
   1.2311523e-01
   1.3496973e-01
   1.3574277e-01
   1.2791455e-01
   1.1465669e-01
   9.9027836e-02
   8.3473978e-02
   6.9735746e-02
   5.9011617e-02
   5.2075208e-02
   4.9152479e-02
   4.9634997e-02
   5.1919355e-02
   5.3671887e-02
   5.2590107e-02
   4.7382061e-02
   3.8472611e-02
   2.8066016e-02
   1.9540614e-02
   1.6419999e-02
   2.1210239e-02
   3.4364238e-02
   5.3690835e-02
   7.4549048e-02
   9.0949294e-02
   9.7284109e-02
   9.0103778e-02
   6.9311743e-02
   3.8366606e-02
   3.4322567e-03
  -2.8232861e-02
  -5.0135870e-02
  -5.8106815e-02
  -5.1145662e-02
  -3.1430502e-02
  -3.6380194e-03
   2.6124413e-02
   5.1485916e-02
   6.6899102e-02
   6.8578984e-02
   5.5244877e-02
   2.8539393e-02
  -7.0709860e-03
  -4.5073942e-02
  -7.8350276e-02
  -1.0095507e-01
  -1.0964952e-01
  -1.0459673e-01
  -8.8991231e-02
  -6.7856143e-02
  -4.6513252e-02
  -2.9226795e-02
  -1.8344302e-02
  -1.4043740e-02
  -1.4639294e-02
  -1.7305841e-02
  -1.9017907e-02
  -1.7469317e-02
  -1.1762402e-02
  -2.7004109e-03
   7.4216974e-03
   1.5495229e-02
   1.8511462e-02
   1.4368810e-02
   2.3202549e-03
  -1.6987274e-02
  -4.1753992e-02
  -6.9343301e-02
  -9.6504386e-02
  -1.1948099e-01
  -1.3417652e-01
  -1.3661689e-01
  -1.2377604e-01
  -9.4525437e-02
  -5.0330387e-02
   4.5576950e-03
   6.3448435e-02
   1.1800949e-01
   1.5940181e-01
   1.7965240e-01
   1.7314301e-01
   1.3800194e-01
   7.7057029e-02
  -2.0314467e-03
  -8.7680930e-02
  -1.6626834e-01
  -2.2463541e-01
  -2.5270640e-01
  -2.4566725e-01
  -2.0520568e-01
  -1.3943806e-01
  -6.1398984e-02
   1.3645859e-02
   7.1426106e-02
   1.0163279e-01
   9.9935796e-02
   6.8640805e-02
   1.5892855e-02
  -4.6346591e-02
  -1.0503950e-01
  -1.4888261e-01
  -1.7061227e-01
  -1.6837902e-01
  -1.4590427e-01
  -1.1131983e-01
  -7.4912148e-02
  -4.6349114e-02
  -3.2155774e-02
  -3.4111157e-02
  -4.8931136e-02
  -6.9251897e-02
  -8.5637058e-02
  -8.9110551e-02
  -7.3607379e-02
  -3.7768354e-02
   1.4379729e-02
   7.4139250e-02
   1.3019696e-01
   1.7149394e-01
   1.9003779e-01
   1.8281142e-01
   1.5233592e-01
   1.0594907e-01
   5.4133805e-02
   8.2168929e-03
  -2.2242113e-02
  -3.1821884e-02
  -2.0608055e-02
   6.0018182e-03
   3.9023893e-02
   6.8539699e-02
   8.6439854e-02
   8.8515854e-02
   7.5410845e-02
   5.2272592e-02
   2.7284157e-02
   9.4732230e-03
   6.3019696e-03
   2.1588912e-02
   5.4300670e-02
   9.8575711e-02
   1.4500541e-01
   1.8283363e-01
   2.0249895e-01
   1.9791943e-01
   1.6803693e-01
   1.1725662e-01
   5.4567185e-02
  -8.5533053e-03
  -6.0909504e-02
  -9.4234836e-02
  -1.0498392e-01
  -9.4853154e-02
  -6.9932428e-02
  -3.8681502e-02
  -9.2638656e-03
   1.2916175e-02
   2.6592317e-02
   3.4450782e-02
   4.1551866e-02
   5.3022198e-02
   7.1814551e-02
   9.7244975e-02
   1.2481280e-01
   1.4742426e-01
   1.5764041e-01
   1.5018139e-01
   1.2380523e-01
   8.1896260e-02
   3.1595686e-02
  -1.8129492e-02
  -5.8734137e-02
  -8.3947053e-02
  -9.0851127e-02
  -8.0167483e-02
  -5.5867087e-02
  -2.4233412e-02
   7.4694265e-03
   3.2459520e-02
   4.5677521e-02
   4.4499845e-02
   2.8823444e-02
   6.5046173e-04
  -3.6576854e-02
  -7.8638343e-02
  -1.2101978e-01
  -1.5918971e-01
  -1.8881490e-01
  -2.0613980e-01
  -2.0864161e-01
  -1.9581344e-01
  -1.6970605e-01
  -1.3485138e-01
  -9.7437664e-02
  -6.3959020e-02
  -3.9782454e-02
  -2.8044971e-02
  -2.9122415e-02
  -4.0748226e-02
  -5.8721378e-02
  -7.8000392e-02
  -9.3880008e-02
  -1.0294775e-01
  -1.0361841e-01
  -9.6194483e-02
  -8.2514732e-02
  -6.5289708e-02
  -4.7263991e-02
  -3.0450957e-02
  -1.5722617e-02
  -2.8743267e-03
   8.9625873e-03
   2.0801798e-02
   3.3340686e-02
   4.6582584e-02
   5.9554808e-02
   7.0262952e-02
   7.6068403e-02
   7.4486740e-02
   6.4146057e-02
   4.5548965e-02
   2.1344903e-02
  -4.0669777e-03
  -2.5600422e-02
  -3.8910508e-02
  -4.1634705e-02
  -3.3937183e-02
  -1.8205733e-02
   1.8519394e-03
   2.2279177e-02
   3.9726831e-02
   5.1916736e-02
   5.7762751e-02
   5.7295461e-02
   5.1466989e-02
   4.1855141e-02
   3.0350939e-02
   1.8948902e-02
   9.6251139e-03
   4.1291270e-03
   3.5749935e-03
   7.9820007e-03
   1.6100253e-02
   2.5736595e-02
   3.4465035e-02
   4.0358838e-02
   4.2427384e-02
   4.0714037e-02
   3.6220406e-02
   3.0752879e-02
   2.6580438e-02
   2.5785760e-02
   2.9467394e-02
   3.7213320e-02
   4.7197491e-02
   5.6877905e-02
   6.3933266e-02
   6.7047659e-02
   6.6369636e-02
   6.3623298e-02
   6.1801708e-02
   6.4338662e-02
   7.3857983e-02
   9.0939266e-02
   1.1349961e-01
   1.3719037e-01
   1.5673855e-01
   1.6767130e-01
   1.6763998e-01
   1.5681169e-01
   1.3736178e-01
   1.1250933e-01
   8.5551172e-02
   5.9178154e-02
   3.5210009e-02
   1.4742161e-02
  -1.4661512e-03
  -1.2638069e-02
  -1.7904223e-02
  -1.6579620e-02
  -8.6553983e-03
   4.7346468e-03
   2.1084932e-02
   3.6669111e-02
   4.7145930e-02
   4.8591518e-02
   3.8763462e-02
   1.8197422e-02
  -9.3936779e-03
  -3.7811264e-02
  -6.0086028e-02
  -7.0641118e-02
  -6.7133662e-02
  -5.1358068e-02
  -2.8890290e-02
  -7.4977268e-03
   5.2403427e-03
   4.2794947e-03
  -1.1458704e-02
  -3.9056994e-02
  -7.2806259e-02
  -1.0598487e-01
  -1.3251800e-01
  -1.4814697e-01
  -1.5108322e-01
  -1.4223837e-01
  -1.2504264e-01
  -1.0478888e-01
  -8.7509456e-02
  -7.8579267e-02
  -8.1404850e-02
  -9.6576818e-02
  -1.2170603e-01
  -1.5195049e-01
  -1.8110434e-01
  -2.0304568e-01
  -2.1322169e-01
  -2.0972426e-01
  -1.9356615e-01
  -1.6808677e-01
  -1.3781106e-01
  -1.0726744e-01
  -8.0136263e-02
  -5.8829501e-02
  -4.4443784e-02
  -3.6989888e-02
  -3.5748170e-02
  -3.9558615e-02
  -4.6941593e-02
  -5.6113431e-02
  -6.5054893e-02
  -7.1736733e-02
  -7.4452395e-02
  -7.2089934e-02
  -6.4215054e-02
  -5.0992059e-02
  -3.3074053e-02
  -1.1570541e-02
   1.1896653e-02
   3.5150858e-02
   5.5601868e-02
   7.0672769e-02
   7.8421591e-02
   7.8121954e-02
   7.0579104e-02
   5.8061402e-02
   4.3825199e-02
   3.1299130e-02
   2.3122780e-02
   2.0382604e-02
   2.2415243e-02
   2.7337543e-02
   3.3078809e-02
   3.8377153e-02
   4.3217566e-02
   4.8564808e-02
   5.5680658e-02
   6.5464311e-02
   7.8085915e-02
   9.2936589e-02
   1.0878447e-01
   1.2402284e-01
   1.3695201e-01
   1.4607564e-01
   1.5038850e-01
   1.4961076e-01
   1.4430631e-01
   1.3582817e-01
   1.2607679e-01
   1.1710891e-01
   1.1064849e-01
   1.0755971e-01
   1.0742970e-01
   1.0852515e-01
   1.0832402e-01
   1.0450747e-01
   9.5959284e-02
   8.3251688e-02
   6.8356623e-02
   5.3734369e-02
   4.1278039e-02
   3.1652498e-02
   2.4324701e-02
   1.8185230e-02
   1.2354493e-02
   6.7318035e-03
   2.0697293e-03
  -3.6102143e-04
   6.8606940e-04
   5.8728012e-03
   1.4853645e-02
   2.6132848e-02
   3.7271026e-02
   4.5378661e-02
   4.7759422e-02
   4.2592139e-02
   2.9551111e-02
   1.0196436e-02
  -1.2071258e-02
  -3.2609886e-02
  -4.6644333e-02
  -5.0659387e-02
  -4.3667577e-02
  -2.7854017e-02
  -8.2462947e-03
   8.5843470e-03
   1.6388664e-02
   1.1036583e-02
  -8.3286941e-03
  -3.9058112e-02
  -7.5659802e-02
  -1.1115442e-01
  -1.3880651e-01
  -1.5380951e-01
  -1.5447128e-01
  -1.4256316e-01
  -1.2272823e-01
  -1.0110209e-01
  -8.3514964e-02
  -7.3786236e-02
  -7.2648966e-02
  -7.7692252e-02
  -8.4376076e-02
  -8.7759997e-02
  -8.4275949e-02
  -7.2840491e-02
  -5.4904180e-02
  -3.3552386e-02
  -1.2232303e-02
   6.2083113e-03
   1.9834486e-02
   2.7491171e-02
   2.8667583e-02
   2.3581046e-02
   1.3343785e-02
  -5.0803104e-05
  -1.4042809e-02
  -2.6031108e-02
  -3.3937034e-02
  -3.6696447e-02
  -3.4619706e-02
  -2.9503394e-02
  -2.4336773e-02
  -2.2561055e-02
  -2.7046903e-02
  -3.9082046e-02
  -5.7673225e-02
  -7.9450546e-02
  -9.9385440e-02
  -1.1227177e-01
  -1.1451836e-01
  -1.0551233e-01
  -8.7894004e-02
  -6.6585895e-02
  -4.7041866e-02
  -3.3466223e-02
  -2.7563283e-02
  -2.8030652e-02
  -3.0816860e-02
  -3.0111690e-02
  -1.9950947e-02
   3.8764093e-03
   4.2144434e-02
   9.1330561e-02
   1.4401155e-01
   1.9054895e-01
   2.2162752e-01
   2.3088482e-01
   2.1681945e-01
   1.8336886e-01
   1.3893169e-01
   9.4087441e-02
   5.8720934e-02
   3.9501666e-02
   3.8526168e-02
   5.3433330e-02
   7.8717572e-02
   1.0758761e-01
   1.3367941e-01
   1.5219153e-01
   1.6038648e-01
   1.5764818e-01
   1.4529681e-01
   1.2625195e-01
   1.0454105e-01
   8.4600458e-02
   7.0330521e-02
   6.4013510e-02
   6.5436310e-02
   7.1652119e-02
   7.7619364e-02
   7.7604650e-02
   6.6958483e-02
   4.3728091e-02
   9.5321164e-03
  -3.0724113e-02
  -7.0281641e-02
  -1.0257982e-01
  -1.2313947e-01
  -1.3060874e-01
  -1.2666714e-01
  -1.1494855e-01
  -9.9552954e-02
  -8.3843979e-02
  -6.9977284e-02
  -5.9152368e-02
  -5.2210704e-02
  -5.0087302e-02
  -5.3787943e-02
  -6.3918683e-02
  -8.0122823e-02
  -1.0085487e-01
  -1.2369077e-01
  -1.4600734e-01
  -1.6563167e-01
  -1.8114405e-01
  -1.9180801e-01
  -1.9731369e-01
  -1.9753919e-01
  -1.9246403e-01
  -1.8227727e-01
  -1.6759855e-01
  -1.4963442e-01
  -1.3010898e-01
  -1.1092363e-01
  -9.3644817e-02
  -7.9050899e-02
  -6.7010014e-02
  -5.6798717e-02
  -4.7656013e-02
  -3.9171245e-02
  -3.1239568e-02
  -2.3682810e-02
  -1.5916415e-02
  -7.0147869e-03
   3.7970354e-03
   1.6570243e-02
   3.0431686e-02
   4.3936681e-02
   5.5715176e-02
   6.4937746e-02
   7.1343069e-02
   7.4982335e-02
   7.6029662e-02
   7.4845344e-02
   7.2195420e-02
   6.9390877e-02
   6.8164171e-02
   7.0265130e-02
   7.6932660e-02
   8.8480835e-02
   1.0416797e-01
   1.2234480e-01
   1.4073809e-01
   1.5673750e-01
   1.6769561e-01
   1.7133949e-01
   1.6629109e-01
   1.5251418e-01
   1.3146899e-01
   1.0590454e-01
   7.9388229e-02
   5.5717412e-02
   3.8307364e-02
   2.9631738e-02
   3.0832731e-02
   4.1623767e-02
   6.0497735e-02
   8.5079602e-02
   1.1238648e-01
   1.3888777e-01
   1.6048764e-01
   1.7267786e-01
   1.7105734e-01
   1.5224562e-01
   1.1499829e-01
   6.1136838e-02
  -4.1451136e-03
  -7.2853389e-02
  -1.3554079e-01
  -1.8305245e-01
  -2.0828667e-01
  -2.0770941e-01
  -1.8234630e-01
  -1.3789459e-01
  -8.3723311e-02
  -3.0907554e-02
   1.0174000e-02
   3.2023061e-02
   3.1498032e-02
   1.0360223e-02
  -2.5155934e-02
  -6.5698791e-02
  -1.0088704e-01
  -1.2170509e-01
  -1.2260314e-01
  -1.0273348e-01
  -6.6014094e-02
  -2.0065488e-02
   2.5625909e-02
   6.1800369e-02
   8.1276123e-02
   8.0216765e-02
   5.8658985e-02
   2.0297936e-02
  -2.8340327e-02
  -7.9092731e-02
  -1.2344866e-01
  -1.5377048e-01
  -1.6439088e-01
  -1.5252472e-01
  -1.1885828e-01
  -6.7655238e-02
  -6.2968916e-03
   5.5703160e-02
   1.0811385e-01
   1.4174832e-01
   1.5041646e-01
   1.3268710e-01
   9.2872685e-02
   4.0691765e-02
  -1.0576735e-02
  -4.7099941e-02
  -5.7865814e-02
  -3.7488528e-02
   1.2317081e-02
   8.2970071e-02
   1.6088174e-01
   2.3044464e-01
   2.7743653e-01
   2.9209369e-01
   2.7118134e-01
   2.1855941e-01
   1.4408549e-01
   6.1170319e-02
  -1.6303603e-02
  -7.6882748e-02
  -1.1364668e-01
  -1.2520945e-01
  -1.1552843e-01
  -9.2579934e-02
  -6.6180329e-02
  -4.5504144e-02
  -3.7016650e-02
  -4.3440877e-02
  -6.3964736e-02
  -9.5336481e-02
  -1.3316926e-01
  -1.7290536e-01
  -2.1031393e-01
  -2.4174598e-01
  -2.6442079e-01
  -2.7681304e-01
  -2.7895483e-01
  -2.7238158e-01
  -2.5961795e-01
  -2.4337220e-01
  -2.2574398e-01
  -2.0769243e-01
  -1.8889576e-01
  -1.6805599e-01
  -1.4362300e-01
  -1.1477344e-01
  -8.2308742e-02
  -4.9037511e-02
  -1.9309453e-02
   2.2799750e-03
   1.2539956e-02
   1.0985252e-02
   2.7643638e-04
  -1.4282261e-02
  -2.5943672e-02
  -2.8060789e-02
  -1.5616189e-02
   1.3579609e-02
   5.8270823e-02
   1.1387952e-01
   1.7339909e-01
   2.2890799e-01
   2.7337099e-01
   3.0226550e-01
   3.1452751e-01
   3.1244139e-01
   3.0048219e-01
   2.8361099e-01
   2.6575049e-01
   2.4892875e-01
   2.3313136e-01
   2.1665576e-01
   1.9678977e-01
   1.7070306e-01
   1.3639130e-01
   9.3414249e-02
   4.3168260e-02
  -1.1389946e-02
  -6.6395012e-02
  -1.1781027e-01
  -1.6205295e-01
  -1.9644363e-01
  -2.1946284e-01
  -2.3080496e-01
  -2.3123379e-01
  -2.2223785e-01
  -2.0548928e-01
  -1.8220572e-01
  -1.5267101e-01
  -1.1620678e-01
  -7.1670191e-02
  -1.8220267e-02
   4.4037349e-02
   1.1372319e-01
   1.8808996e-01
   2.6300961e-01
   3.3303642e-01
   3.9168735e-01
   4.3207966e-01
   4.4791706e-01
   4.3461028e-01
   3.9018554e-01
   3.1569365e-01
   2.1506953e-01
   9.4629236e-02
  -3.7534846e-02
  -1.7208324e-01
  -2.9885197e-01
  -4.0727730e-01
  -4.8699711e-01
  -5.2876036e-01
  -5.2565459e-01
  -4.7450029e-01
  -3.7711694e-01
  -2.4110585e-01
  -7.9820823e-02
   8.8710459e-02
   2.4393797e-01
   3.6572588e-01
   4.3755052e-01
   4.4937511e-01
   3.9966652e-01
   2.9612387e-01
   1.5485493e-01
  -2.0364124e-03
  -1.5017517e-01
  -2.6727537e-01
  -3.3714105e-01
  -3.5234589e-01
  -3.1504499e-01
  -2.3591429e-01
  -1.3161997e-01
  -2.1433451e-02
   7.6308636e-02
   1.4723579e-01
   1.8299525e-01
   1.8212792e-01
   1.4975201e-01
   9.6090873e-02
   3.4003645e-02
  -2.4004526e-02
  -6.8492764e-02
  -9.4702179e-02
  -1.0266820e-01
  -9.6030572e-02
  -8.0206684e-02
  -6.0616078e-02
  -4.1324823e-02
  -2.4240833e-02
  -9.0261392e-03
   6.1142556e-03
   2.2959331e-02
   4.1779585e-02
   6.0599887e-02
   7.5600309e-02
   8.2439797e-02
   7.7867187e-02
   6.0945541e-02
   3.3512542e-02
  -1.2932580e-04
  -3.4102215e-02
  -6.2198412e-02
  -7.9230232e-02
  -8.2183433e-02
  -7.0899492e-02
  -4.8137950e-02
  -1.9025380e-02
   9.9763334e-03
   3.2358034e-02
   4.2828928e-02
   3.8303549e-02
   1.8463838e-02
  -1.4141176e-02
  -5.4473757e-02
  -9.5877670e-02
  -1.3134027e-01
  -1.5484361e-01
  -1.6240355e-01
  -1.5255104e-01
  -1.2632367e-01
  -8.7029732e-02
  -3.9940040e-02
   8.2184849e-03
   5.0209198e-02
   7.9667415e-02
   9.2510687e-02
   8.7818425e-02
   6.7858488e-02
   3.7309412e-02
   1.9609262e-03
  -3.2717676e-02
  -6.2683337e-02
  -8.5709788e-02
  -1.0099967e-01
  -1.0838525e-01
  -1.0767358e-01
  -9.8488687e-02
  -8.0586868e-02
  -5.4387589e-02
  -2.1445842e-02
   1.5350641e-02
   5.2022081e-02
   8.4210548e-02
   1.0816610e-01
   1.2162055e-01
   1.2422373e-01
   1.1747409e-01
   1.0429394e-01
   8.8420838e-02
   7.3672390e-02
   6.3084238e-02
   5.8039588e-02
   5.7697122e-02
   5.9053865e-02
   5.7764234e-02
   4.9517672e-02
   3.1556217e-02
   3.8647811e-03
  -3.0365628e-02
  -6.5255515e-02
  -9.3711481e-02
  -1.0943647e-01
  -1.0874779e-01
  -9.1514568e-02
  -6.0938088e-02
  -2.2415712e-02
   1.7966066e-02
   5.4763027e-02
   8.3985590e-02
   1.0333062e-01
   1.1199473e-01
   1.1029816e-01
   9.9301863e-02
   8.0528440e-02
   5.5809653e-02
   2.7199699e-02
  -3.1081102e-03
  -3.2849965e-02
  -5.9715641e-02
  -8.1385796e-02
  -9.5709285e-02
  -1.0108543e-01
  -9.6958187e-02
  -8.4186586e-02
  -6.5037287e-02
  -4.2699135e-02
  -2.0470086e-02
  -9.4632679e-04
   1.4468546e-02
   2.5593911e-02
   3.3106073e-02
   3.7958695e-02
   4.0826231e-02
   4.1830732e-02
   4.0710729e-02
   3.7322126e-02
   3.2136172e-02
   2.6424655e-02
   2.2010576e-02
   2.0634917e-02
   2.3146238e-02
   2.8878067e-02
   3.5585473e-02
   4.0058012e-02
   3.9169659e-02
   3.0926864e-02
   1.5134658e-02
  -6.4733210e-03
  -3.0578376e-02
  -5.2950245e-02
  -6.9330215e-02
  -7.6392092e-02
  -7.2557032e-02
  -5.8386371e-02
  -3.6379716e-02
  -1.0236942e-02
   1.6122330e-02
   3.9400362e-02
   5.7367566e-02
   6.8886925e-02
   7.3667340e-02
   7.1958250e-02
   6.4338429e-02
   5.1628660e-02
   3.4908433e-02
   1.5659267e-02
  -3.9832485e-03
  -2.1066110e-02
  -3.2038344e-02
  -3.3472189e-02
  -2.3071403e-02
  -5.4562449e-04
   3.1983847e-02
   7.0109309e-02
   1.0766964e-01
   1.3760741e-01
   1.5317240e-01
   1.4941957e-01
   1.2468224e-01
   8.1475626e-02
